Mean_RNA FISH	Mean err_RNA FISH	Noise_RNA FISH	Noise err_RNA FISH	Fano_RNA FISH	Fano err_RNA FISH	Mean_Fixed protein	Mean err_Fixed protein	Noise_Fixed protein	Noise err_Fixed protein	Correlation_RNA and Protein	Correlation err_RNA and Protein	Mean_RNAseq
3.2585	0.17316	0.63422	0.06234	2.0666	0.20231	1114.3	26.089	0.08612	0.00807	-0.00799	0.07127	1.078871201
1.962	0.071	1.2203	0.05883	2.3943	0.08433	890.06	8.2866	0.08862	0.00405	0.06386	0.02869	0.388913234
1.8759	0.19292	0.78892	0.17454	1.4799	0.21757	2368.4	120.73	0.21728	0.08813	-0.20934	0.09017	5.224880383
1.8741	0.12811	1.0222	0.11761	1.9157	0.13942	1810.2	52.343	0.18884	0.02161	0.20313	0.07404	1.004389465
1.7209	0.04889	1.1329	0.04965	1.9496	0.06571	7250.8	64.509	0.10999	0.00492	0.06814	0.02709	0.443412162
1.6372	0.16645	0.6073	0.11378	0.99427	0.14208	118.15	7.133	0.20538	0.09889	0.0324	0.09773	0.147984887
1.0938	0.04869	1.6037	0.09863	1.7542	0.11072	354.79	4.1175	0.11884	0.00816	0.03349	0.04052	0.380200308
1.0321	0.01957	1.2666	0.04533	1.3073	0.0455	1077.8	5.6085	0.08705	0.00251	-0.10667	0.01626	0.36
0.94454	0.02241	1.6988	0.05586	1.6046	0.04285	1402.2	8.3767	0.11657	0.00595	-0.01048	0.01529	2.564864865
0.93535	0.05292	2.4015	0.17455	2.2462	0.12075	412.51	10.283	0.35003	0.13536	-0.00453	0.03113	0.357771261
0.91599	0.04695	1.8148	0.18114	1.6623	0.17769	738.7	17.345	0.23877	0.18693	-0.00325	0.06332	2.805581835
0.89619	0.03804	2.1516	0.13834	1.9283	0.10325	234.33	2.2621	0.12648	0.00564	-0.129	0.03206	0.263709677
0.8248	0.11122	2.1278	0.40857	1.755	0.27061	522.65	34.799	0.48122	0.08228	0.15211	0.07598	0.59439834
0.79412	0.28626	3.4176	1.6771	2.714	0.98965	43.237	4.2647	0.30392	0.11075	-0.2185	0.2002	1.287054409
0.77826	0.02743	2.7804	0.11631	2.1638	0.06287	2584.5	45.23	0.7468	0.05249	-0.02231	0.02249	0.999061209
0.77529	0.02581	3.0013	0.11303	2.3269	0.07027	2787.9	29.932	0.3421	0.01039	0.23434	0.01807	
0.76436	0.09001	2.0668	0.33426	1.5798	0.15792	119.92	4.2633	0.22362	0.03401	0.06069	0.08582	0.108626198
0.72468	0.01652	2.0675	0.07363	1.4982	0.0491	3225	18.591	0.12585	0.00309	0.03763	0.01576	1.813311688
0.71752	0.01423	2.3882	0.07455	1.7136	0.05299	559.69	3.7406	0.23544	0.0233	0.02469	0.01942	0.39659271
0.70273	0.09491	1.6289	0.34424	1.1447	0.13171	263.37	9.9386	0.12519	0.02392	0.22084	0.1296	0.059641256
0.69951	0.014	2.0137	0.07222	1.4086	0.04142	1424.5	5.9778	0.06783	0.00158	0.00729	0.01491	0.672828891
0.6485	0.14301	2.4049	0.9089	1.5596	0.4786	49.027	3.6554	0.1558	0.06117	-0.45186	0.18099	0.157231314
0.64195	0.02703	3.8313	0.19304	2.4595	0.10142	2374.4	18.613	0.10142	0.00502	-0.04619	0.02779	0.494780793
0.60774	0.08443	3.3113	0.87072	2.0124	0.57699	214.36	10.655	0.30045	0.05046	-0.04651	0.12041	0.304858934
0.59955	0.07278	3.8375	0.56636	2.3008	0.25115	2488.8	91.57	0.28453	0.04383	0.05643	0.0561	0.293496622
0.59154	0.07843	3.1631	0.56288	1.8711	0.25196	278.53	8.0924	0.1678	0.01689	0.09319	0.06982	0.413186813
0.58741	0.02372	2.3332	0.10214	1.3705	0.0466	511.13	4.0495	0.12681	0.00404	-0.02608	0.0222	0.237560193
0.5837	0.01466	2.4743	0.08634	1.4443	0.03807	947.24	4.2783	0.08269	0.00202	0.0078	0.01641	0.147313692
0.55585	0.0423	2.2801	0.24344	1.2674	0.07589	681.37	31.669	1.0453	0.14328	0.02289	0.04572	0.721311475
0.5422	0.07111	2.5018	0.4916	1.3565	0.19624	185.01	5.8788	0.12747	0.01988	-0.06572	0.08417	0.217534608
0.5194	0.06747	2.3589	0.41607	1.2252	0.11408	231.39	11.314	0.32448	0.04237	0.11946	0.07092	
0.50311	0.04015	4.0022	0.53747	2.0135	0.26624	1089.1	28.739	0.4521	0.02444	0.17449	0.03802	0.123086735
0.49888	0.01658	3.321	0.13379	1.6568	0.05642	1335.2	7.4456	0.08264	0.005	-0.00604	0.02167	0.566285998
0.48273	0.01589	2.8692	0.11124	1.3851	0.03661	1785.2	9.196	0.0863	0.00256	0.0011	0.01786	0.375802998
0.46555	0.05898	2.9598	0.49829	1.3779	0.14225	179.9	5.6256	0.16529	0.0237	0.00976	0.07613	0.108346095
0.44954	0.05245	3.5836	0.64628	1.6109	0.19736	333.9	11.038	0.30167	0.05185	-0.00732	0.07635	0.731707317
0.43714	0.0137	4.0883	0.1731	1.7872	0.06468	2224.9	10.654	0.0863	0.00197	-0.03851	0.01762	1.108455882
0.43586	0.09202	4.5228	1.1783	1.9713	0.39489	169.72	6.0579	0.11603	0.02944	0.10217	0.10092	0.127947295
0.42983	0.09439	3.4541	1.0285	1.4847	0.21536	169.36	7.8449	0.15566	0.0505	0.06029	0.08745	0.188247012
0.42501	0.0588	3.6868	0.74076	1.5669	0.20702	16.677	3.2061	5.49	1.4732	0.07745	0.06148	0.243833017
0.39359	0.07692	4.1436	0.93261	1.6309	0.18906	121.9	9.9588	0.70268	0.16589	0.13161	0.09274	
0.39114	0.04643	4.8003	0.72591	1.8776	0.1722	628.95	58.242	2.4738	0.56715	0.02751	0.05748	2.904918033
0.388	0.08385	4.5468	1.1666	1.7642	0.2763	82.478	4.1859	0.21765	0.03168	0.18301	0.10368	0.200361011
0.38656	0.02925	4.2893	0.37668	1.6581	0.10751	100.6	1.7272	0.19045	0.03217	0.03771	0.03453	0.117343173
0.38386	0.01451	4.1162	0.19312	1.58	0.04755	794.93	5.708	0.11255	0.00406	-0.00433	0.02093	1.011171032
0.37876	0.07441	5.5173	1.4394	2.0897	0.54027	485.39	18.181	0.26983	0.05534	-0.07015	0.0973	0.26286509
0.37501	0.01269	4.858	0.20442	1.8218	0.0722	2118.9	17.275	0.26926	0.00921	0.02536	0.01462	0.845854922
0.36174	0.03154	4.6225	0.58717	1.6721	0.16006	281.54	6.6102	0.18531	0.01901	0.04078	0.05254	0.127381939
0.34454	0.0453	4.7304	0.74008	1.6298	0.22609	195.63	3.174	0.11561	0.01266	-0.0082	0.04759	0.232432432
0.34396	0.01506	5.0836	0.28385	1.7485	0.05299	2848.7	18.209	0.12665	0.00487	-0.0864	0.01426	
0.34219	0.01093	6.4203	0.28515	2.1969	0.07485	947.3	5.8561	0.17831	0.0057	-0.02531	0.01607	0.111785714
0.34161	0.01362	5.7055	0.24604	1.9491	0.07204	2462	10.918	0.08367	0.00255	-0.00264	0.02415	0.561433447
0.33157	0.01043	4.2667	0.22928	1.4147	0.06456	591.62	2.2041	0.06738	0.00214	-0.00513	0.01612	0.65912031
0.32962	0.10931	7.6581	2.8242	2.5243	0.67694	248.96	13.271	0.21627	0.0296	0.30046	0.09148	0.150040883
0.3139	0.01489	5.3145	0.28249	1.6682	0.06143	1450.7	10.883	0.15004	0.00647	-0.11418	0.01559	1.935661765
0.30875	0.06436	4.5771	1.5729	1.4132	0.14658	213.19	8.0541	0.19927	0.03561	0.27743	0.08802	
0.3027	0.0129	4.8036	0.37518	1.454	0.10648	1517.1	9.3888	0.11116	0.0031	0.00338	0.01729	0.423548094
0.30051	0.04436	5.139	1.0905	1.5443	0.23842	156.03	4.6589	0.19246	0.02702	0.01673	0.0555	0.224093264
0.2868	0.01424	4.8694	0.27785	1.3966	0.06522	800.53	5.3725	0.09636	0.00391	0.04083	0.02522	0.532388664
0.28592	0.01509	5.6603	0.43921	1.6184	0.10873	285.93	6.9468	0.90888	0.46999	0.04952	0.02135	
0.28425	0.08364	7.4959	2.6234	2.1307	0.30926	834.07	43.435	0.31658	0.05767	0.136	0.07508	1.420294944
0.28103	0.01564	5.0888	0.34329	1.4301	0.05981	465.79	2.504	0.0438	0.00162	-0.00249	0.02526	0.281439139
0.27965	0.02247	4.9918	0.50527	1.396	0.07989	143.24	2.4127	0.32037	0.01696	0.00323	0.03122	0.161016949
0.27908	0.02749	4.9404	0.68449	1.3788	0.0935	253.54	4.4558	0.12981	0.01147	0.06449	0.05047	0.49389002
0.27632	0.02551	5.1841	0.62592	1.4324	0.0956	164.56	2.7471	0.18758	0.02076	0.07435	0.04535	0.674061433
0.27235	0.06796	3.8936	1.4021	1.0604	0.10742	135.32	13.557	0.67989	0.25334	-0.05105	0.07648	0.307885906
0.26567	0.00945	5.9285	0.24476	1.575	0.04113	2042.5	8.4856	0.08318	0.00199	-0.00935	0.01507	0.548239896
0.25973	0.0257	6.0925	0.85022	1.5824	0.13035	142.01	3.5449	0.40586	0.24383	0.00282	0.02746	0.907294833
0.25942	0.02462	6.0935	0.76113	1.5808	0.09715	513.19	7.3485	0.14573	0.01119	0.03844	0.03883	0.314705882
0.2523	0.05409	4.9905	1.5042	1.2591	0.14328	493.28	47.742	1.1939	0.38704	-0.10227	0.03273	0.259207783
0.25036	0.0169	5.5757	0.41883	1.3959	0.06627	346.96	5.248	0.38889	0.03011	0.16358	0.02965	0.229626079
0.24736	0.01344	6.4461	0.49969	1.5945	0.08232	1589.8	36.747	0.82531	0.06053	0.0343	0.03348	0.497959184
0.24457	0.01773	6.221	0.55249	1.5215	0.08363	223.64	2.1342	0.09089	0.00444	0.02178	0.0285	0.380604797
0.24418	0.01439	6.7316	0.62082	1.6437	0.14169	295.46	2.4685	0.12387	0.00585	0.01394	0.02182	0.174356223
0.24066	0.01083	6.1869	0.33699	1.4889	0.05485	374.46	1.8402	0.07697	0.0021	0.03151	0.01666	0.388327206
0.24023	0.04269	6.425	1.5587	1.5435	0.13336	192.77	6.7135	0.21947	0.01669	0.15822	0.08147	0.222383721
0.23487	0.01604	5.31	0.45929	1.2472	0.06441	795.85	9.5738	0.20236	0.01304	-0.05605	0.02713	1.038135593
0.23459	0.03824	5.2018	1.0562	1.2203	0.12894	79.703	2.6732	0.19513	0.03191	0.02703	0.07656	0.162952061
0.23293	0.06208	7.6259	3.1698	1.7763	0.23693	112.63	5.3693	0.26149	0.04832	0.04208	0.085	0.444794953
0.2289	0.02836	11.857	1.996	2.714	0.36225	888.22	10.791	0.12077	0.00729	-0.00894	0.02831	0.906976744
0.21777	0.02055	7.4084	1.0059	1.6133	0.1909	85.378	5.8621	3.2538	0.5609	1.54E-04	0.02995	0.005581395
0.21565	0.01091	6.9991	0.52309	1.5094	0.08405	350.02	3.3921	0.2545	0.00905	-0.0239	0.01812	0.494358251
0.21494	0.01164	7.7265	0.5316	1.6607	0.06778	278.35	3.14	0.26561	0.00834	0.09687	0.01966	0.287586207
0.21362	0.02498	10.451	1.4873	2.2326	0.25273	1053.3	14.145	0.10741	0.00585	0.06336	0.0341	
0.20738	0.01293	8.1647	0.58783	1.6932	0.11442	76.643	1.3797	0.6881	0.06239	0.03969	0.01976	0.093082005
0.20563	0.01359	6.1061	0.51542	1.2556	0.0617	1643.6	15.829	0.13169	0.00631	-0.02654	0.02873	0.661144578
0.20042	0.04905	6.4222	2.5952	1.2872	0.14696	223.54	9.6712	0.19993	0.02787	0.15731	0.08242	0.17625
0.19949	0.04084	7.9825	2.1871	1.5924	0.18925	155.09	6.1698	0.28897	0.14022	0.02339	0.10511	0.308310992
0.19839	0.01035	6.9488	0.5055	1.3786	0.05992	692.75	6.0413	0.15427	0.00843	0.02095	0.01911	0.716981132
0.19674	0.03432	7.2909	1.4474	1.4344	0.17901	178.7	4.0671	0.16958	0.01541	0.0114	0.04921	0.267605634
0.19653	0.0126	7.9786	0.61853	1.568	0.06921	513.64	3.15	0.08698	0.00662	-0.01509	0.05767	1.274172615
0.19581	0.01105	7.5283	0.55725	1.4741	0.06339	562.37	2.801	0.07579	0.00657	0.02827	0.028	0.24380805
0.18986	0.0242	7.8518	1.2836	1.4907	0.09773	573.38	12.798	0.24104	0.02783	0.08273	0.04716	1.063829787
0.18512	0.04799	14.136	4.597	2.617	0.98817	5.727	1.2644	7.1601	1.6049	6.12E-04	0.04833	
0.17934	0.02415	8.6456	1.4045	1.5505	0.11584	396.86	15.757	0.97298	0.09652	0.16387	0.05203	0.357782755
0.17259	0.01371	9.8891	0.96915	1.7068	0.12659	187.05	1.4118	0.10999	0.00434	0.04646	0.02732	0.129337539
0.17059	0.01085	9.9314	1.4891	1.6942	0.2635	94.553	1.2945	0.45597	0.01202	0.13448	0.02297	0.077385424
0.16819	0.0792	10.102	57.934	1.699	0.53311	120.09	9.2048	0.20875	0.04571	0.21914	0.19125	0.11350365
0.16754	0.03214	16.883	5.1053	2.8286	0.90065	264.75	21.969	2.6901	0.73275	0.27417	0.10524	2.528827038
0.16573	0.01638	10.596	1.1821	1.7561	0.11412	1050.4	9.6468	0.11532	0.00456	0.03872	0.02767	1.320878274
0.16561	0.03769	11.269	3.6308	1.8663	0.1873	279.8	5.6222	0.11602	0.03462	0.12144	0.14749	
0.16483	0.04963	10.376	4.8132	1.7103	0.25791	7.3594	0.3455	0.33293	0.05139	-0.01806	0.05686	0.016949153
0.16291	0.01511	10.627	1.4684	1.7313	0.17727	279.62	2.5734	0.13639	0.00681	0.03204	0.02459	0.261851016
0.16136	0.00722	8.668	0.52517	1.3987	0.05795	480.12	1.9476	0.0686	0.00183	-0.04281	0.01781	0.331538462
0.16048	0.01542	8.8854	1.0167	1.4259	0.10124	372.43	4.4813	0.20563	0.00761	0.02154	0.03316	
0.15682	0.00985	9.5275	0.74139	1.4941	0.06923	595.83	4.7059	0.19624	0.00891	0.06228	0.02025	0.387539599
0.15672	0.04466	9.2947	3.4916	1.4567	0.23926	148.56	10.321	0.71623	0.09184	0.05116	0.07248	
0.14852	0.01247	9.7948	0.96078	1.4548	0.08308	1277.6	8.6632	0.09247	0.00689	0.04585	0.02954	0.293781726
0.14126	0.01854	11.45	2.0198	1.6173	0.14245	750.22	13.509	0.27579	0.05671	0.02896	0.05456	0.391509434
0.14095	0.01151	10.63	0.95059	1.4983	0.09012	42.746	0.78791	0.59989	0.03474	0.18387	0.02248	0.408780488
0.13727	0.04647	23.826	13.309	3.2706	1.0299	1042.4	51.785	0.46092	0.17428	0.48298	0.22522	
0.13367	0.00769	10.755	0.79194	1.4376	0.06121	538.26	2.3329	0.08606	0.00237	-0.01398	0.01411	0.471973094
0.13304	0.02219	12.402	2.7636	1.65	0.17784	514.33	13.736	0.42587	0.16171	-0.08526	0.03132	0.210377358
0.1307	0.02469	14.531	2.7499	1.8992	0.33071	60.587	1.4855	0.36262	0.04625	0.05042	0.05023	0.579295154
0.11955	0.00889	12.597	1.1307	1.506	0.06771	230.54	0.99808	0.08268	0.00199	0.0059	0.01709	0.322056239
0.11538	0.00952	13.246	1.3025	1.5284	0.07667	380.56	4.521	0.28693	0.01136	0.08113	0.02059	0.390489914
0.11475	0.00792	12.621	1.0036	1.4483	0.05843	453.04	2.1434	0.07351	0.00207	-0.01093	0.01539	0.113323124
0.11108	0.01107	16.639	2.6832	1.8483	0.33312	150.99	1.0567	0.1011	0.00403	0.06331	0.0269	0.204757859
0.11086	0.01081	19.397	2.3133	2.1504	0.21303	247.81	4.6439	1.0299	0.07783	0.16154	0.02672	0.057034221
0.10845	0.01198	14.311	1.9061	1.5519	0.08472	311.6	3.1521	0.15953	0.00835	0.00873	0.02308	0.362398419
0.10352	0.00901	13.184	1.3896	1.3649	0.06849	329.25	2.3652	0.16189	0.0068	-0.03617	0.0189	0.443509615
0.09567	0.01304	16.66	2.5934	1.5938	0.09548	634.15	9.2013	0.20189	0.03194	-0.05559	0.03052	0.187343044
0.09453	0.00987	16.291	2.1673	1.54	0.14079	267.12	1.7187	0.08719	0.00319	0.03333	0.02103	0.05971897
0.09217	0.00749	26.427	2.9414	2.4358	0.15315	423.87	2.5407	0.14747	0.00554	0.08674	0.04242	0.325088339
0.08708	0.01021	20.763	3.545	1.808	0.15293	174.51	1.3664	0.10799	0.0044	0.03591	0.02894	0.109807356
0.08654	0.02856	20.618	54.239	1.7843	0.5378	713.33	56.834	1.3938	0.67867	-0.06311	0.02064	0.663043478
0.07336	0.00875	22.847	3.4468	1.676	0.1141	314.66	2.4133	0.17561	0.01045	0.06912	0.02747	0.137813212
0.06614	0.00837	25.402	4.6334	1.6801	0.16767	299.9	2.3228	0.14005	0.00594	0.06658	0.02382	0.164551224
0.06113	0.00812	21.922	3.623	1.34	0.08841	237.62	2.4677	0.16112	0.00769	-0.04531	0.023	0.138181818
0.05933	0.00822	39.751	8.0347	2.3584	0.37382	711.95	4.1751	0.1248	0.00491	0.05868	0.02117	0.436657682
0.05749	0.00589	28.838	4.116	1.6579	0.09921	235.38	1.2067	0.10263	0.00371	0.04099	0.01566	0.235839068
0.05238	0.00957	43.064	11.648	2.2559	0.25387	893.86	7.5559	0.12768	0.00527	-0.05115	0.02507	0.931192661
0.05051	0.00631	34.231	5.7272	1.7289	0.10046	216.33	1.1027	0.10829	0.00267	0.02033	0.01501	
0.0408	0.00815	42.039	13.465	1.7152	0.19504	824.27	6.724	0.14876	0.00784	-0.0339	0.02376	
0.02991	0.00666	88.113	33.651	2.635	0.58288	268.62	1.5339	0.11315	0.00361	0.02219	0.02684	0.339907193
0.02413	0.00439	74.591	28.08	1.7998	0.22333	295.16	1.3365	0.09319	0.00276	0.03364	0.01488	0.268359643
0.02047	0.00547	139.65	56.793	2.8587	0.41862	694.63	10.334	0.73946	0.56473	0.03676	0.02269	0.061706783
